1.00000e+00 9.79405e-03 1.60005e-02 1.52834e-02 1.09032e-02 -6.77749e-03 1.80392e-02 2.07117e-02 8.94856e-03 8.08111e-03 3.48332e-03 -7.11037e-03 9.76430e-03 -1.07338e-04 6.98175e-03 -4.21982e-03 -5.87502e-03 -6.83668e-03 6.42704e-03 -5.44531e-03 -6.66306e-03 -7.41500e-03 -7.10458e-03 -7.12581e-03 -7.08851e-03 -6.83457e-03 9.91505e-03 1.04519e-02 8.55017e-03 8.18937e-03 4.85523e-03 -3.05987e-03 -3.56815e-03 -7.07262e-03 5.49492e-03 3.44550e-03 -5.02952e-03 -1.91035e-04 -6.64626e-03 -6.29190e-03 -7.10862e-03 -2.18210e-03 -7.14419e-03 -6.50125e-03 -6.38289e-03 -7.44887e-03 -6.96916e-03 -7.08422e-03 -7.37520e-03 3.20621e-03 1.04469e-03 -6.72866e-03 -4.06320e-03 -7.01854e-03 -7.01315e-03 -7.25439e-03 -5.35957e-03 -7.16827e-03 -6.63139e-03 -6.93876e-03 -6.33161e-03 -6.98934e-03 -7.08102e-03 -7.15161e-03 -8.67365e-03 -7.08110e-03 -7.04012e-03 -7.06224e-03 -7.06137e-03 -7.00108e-03 -7.19063e-03 -7.21152e-03 -7.45514e-03 -7.02407e-03 -6.57343e-03 -6.39537e-03 -6.53102e-03 -6.95492e-03 -6.64236e-03 -7.02737e-03
9.79405e-03 1.00000e+00 -2.08299e-03 1.96406e-04 -7.77589e-04 -3.17115e-03 6.57179e-04 -6.64727e-03 -1.04181e-02 -4.67525e-03 -4.22221e-03 -3.22387e-03 -8.11598e-06 4.25133e-03 1.88055e-03 1.74083e-03 -1.99540e-03 -3.09594e-03 -5.19401e-04 -2.71997e-03 -3.13004e-03 -3.12841e-03 -3.13919e-03 -3.18103e-03 -3.18605e-03 -3.17328e-03 -3.20079e-03 1.01786e-03 -2.17830e-03 -1.53390e-03 -5.05475e-04 -3.15630e-03 -3.05904e-03 -3.17688e-03 3.94010e-03 3.10496e-03 -1.61649e-03 1.90860e-03 -2.56797e-03 -3.13211e-03 -3.18021e-03 3.71229e-04 -3.17745e-03 -2.97146e-03 -3.16503e-03 -3.18246e-03 -3.18352e-03 -3.15998e-03 -3.21406e-03 1.09323e-03 -2.82451e-04 -3.10581e-03 -1.59182e-04 -3.12959e-03 -3.14905e-03 -3.18098e-03 -2.24441e-03 -3.14418e-03 -3.16631e-03 -3.18589e-03 -3.17233e-03 -3.21545e-03 -3.16570e-03 -3.17981e-03 -1.31390e-03 -3.07877e-03 -3.09510e-03 -3.19162e-03 -3.18146e-03 -3.12245e-03 -3.19582e-03 -3.10619e-03 -3.16087e-03 -3.17667e-03 -3.17446e-03 -3.18234e-03 -3.08130e-03 -3.17130e-03 -3.19215e-03 -3.09721e-03
1.60005e-02 -2.08299e-03 1.00000e+00 -2.48557e-03 -1.71413e-03 -1.15525e-03 -6.20828e-03 8.71051e-04 -1.06036e-02 -1.39946e-03 -1.48541e-03 -1.15452e-03 -4.79939e-03 3.92588e-04 -3.37061e-03 -1.39168e-03 -1.27931e-03 -1.15447e-03 -4.93911e-04 4.55879e-04 -7.99895e-04 -1.15444e-03 -1.13048e-03 -1.15443e-03 -1.15443e-03 -1.15443e-03 -7.33741e-03 -2.39414e-03 -1.92030e-03 1.93111e-03 -4.27278e-04 -1.45642e-03 -1.12279e-03 -1.15443e-03 1.07521e-03 1.55295e-03 -9.31770e-04 -5.01076e-04 -1.25127e-03 -1.18291e-03 -1.15443e-03 2.07838e-03 -1.10639e-03 -9.96234e-04 -1.15459e-03 -1.15433e-03 -1.15443e-03 -1.15442e-03 -1.15443e-03 1.79599e-03 1.53108e-03 -1.15688e-03 1.17494e-04 -1.16081e-03 -1.15681e-03 -1.15440e-03 1.59512e-03 -1.15114e-03 -1.15341e-03 -1.15441e-03 -1.15442e-03 -1.15452e-03 -1.15456e-03 -1.15431e-03 1.22265e-03 -1.15350e-03 -1.15450e-03 -1.15392e-03 -1.15342e-03 -1.15502e-03 -1.15444e-03 -1.15443e-03 -1.15446e-03 -1.15444e-03 -1.15437e-03 -1.15447e-03 -1.15443e-03 -1.15447e-03 -1.15364e-03 -1.15448e-03
1.52834e-02 1.96406e-04 -2.48557e-03 1.00000e+00 -2.64266e-03 -5.69668e-04 -4.20340e-03 -1.93936e-03 -1.03234e-02 2.89631e-04 -9.63273e-04 -5.68842e-04 -5.68457e-03 -9.52525e-04 -2.75338e-03 1.57414e-04 -6.42486e-04 -5.68843e-04 -1.77682e-03 -2.18889e-04 -6.14070e-04 -5.68843e-04 -5.35999e-04 -5.68843e-04 -5.68842e-04 -5.68843e-04 -5.94171e-03 -1.08682e-03 -2.80151e-03 7.89686e-04 7.61434e-04 -2.02924e-04 -1.56247e-04 -5.68843e-04 7.48614e-04 3.15328e-04 -7.38584e-04 9.62956e-04 -4.75140e-04 -5.78520e-04 -5.68843e-04 1.30248e-03 -5.35650e-04 -5.50170e-04 -5.68843e-04 -5.67392e-04 -5.68843e-04 -5.68843e-04 -5.68842e-04 1.94411e-03 1.28313e-03 -5.95475e-04 1.81108e-03 -5.61821e-04 -5.68135e-04 -5.68843e-04 1.62815e-03 -5.63924e-04 -5.70094e-04 -5.68843e-04 -5.68843e-04 -5.68843e-04 -5.68843e-04 -5.68843e-04 1.78130e-03 -5.68830e-04 -5.68843e-04 -5.68843e-04 -5.68843e-04 -5.68843e-04 -5.68843e-04 -5.68843e-04 -5.68843e-04 -5.68842e-04 -5.68843e-04 -5.68843e-04 -5.68843e-04 -5.68843e-04 -5.68843e-04 -5.68843e-04
1.09032e-02 -7.77589e-04 -1.71413e-03 -2.64266e-03 1.00000e+00 -5.44299e-04 -3.06642e-03 -1.08324e-03 -7.94478e-03 -6.69450e-04 -1.83941e-04 -5.44206e-04 -3.82358e-03 -7.20734e-04 -2.38162e-03 -6.42258e-04 -4.26694e-04 -5.44206e-04 -1.70004e-03 -5.61899e-04 -4.64654e-04 -5.44206e-04 -5.45361e-04 -5.44206e-04 -5.44206e-04 -5.44206e-04 -4.54946e-03 -8.71469e-04 -2.88125e-03 1.28473e-03 4.75779e-04 -5.85244e-04 3.44844e-05 -5.44206e-04 3.08138e-04 1.19311e-03 -6.12076e-04 8.40391e-04 -5.59297e-04 -5.51465e-04 -5.44206e-04 1.34030e-03 -5.44676e-04 -5.20402e-04 -5.44206e-04 -5.44542e-04 -5.44206e-04 -5.44206e-04 -5.44206e-04 1.78028e-03 1.73544e-03 -5.51172e-04 1.75808e-03 -5.44374e-04 -5.44214e-04 -5.44206e-04 1.71869e-03 -5.44373e-04 -5.44557e-04 -5.44206e-04 -5.44206e-04 -5.44206e-04 -5.44206e-04 -5.44206e-04 1.87841e-03 -5.44206e-04 -5.44206e-04 -5.44206e-04 -5.44206e-04 -5.44206e-04 -5.44206e-04 -5.44206e-04 -5.44206e-04 -5.44206e-04 -5.44206e-04 -5.44206e-04 -5.44206e-04 -5.44206e-04 -5.44206e-04 -5.44206e-04
-6.77749e-03 -3.17115e-03 -1.15525e-03 -5.69668e-04 -5.44299e-04 1.00000e+00 -9.76849e-04 -1.19205e-04 -4.47880e-04 1.06264e-05 -1.58116e-05 -2.49683e-05 -2.69362e-04 1.23926e-05 -7.56911e-04 1.09265e-07 2.46620e-05 -2.49683e-05 -6.05683e-04 6.68379e-10 2.49696e-05 -2.49655e-05 2.49527e-05 2.49663e-05 -2.49711e-05 2.49523e-05 -6.39623e-04 2.77473e-05 -3.63481e-04 1.86927e-03 4.79587e-04 4.01194e-08 3.55782e-04 -2.49480e-05 1.00089e-03 1.07871e-03 -2.47542e-05 9.52554e-04 2.48850e-05 -2.49696e-05 2.49521e-05 1.53535e-03 -2.49564e-05 -1.57568e-05 -2.49676e-05 -2.49680e-05 -2.49678e-05 -2.49683e-05 -2.49678e-05 2.19060e-03 1.84806e-03 -2.48971e-05 1.83025e-03 -2.49679e-05 2.48474e-05 -2.50240e-05 1.89656e-03 2.49522e-05 2.49530e-05 -2.49677e-05 2.49525e-05 2.49500e-05 2.49524e-05 2.49231e-05 2.26869e-03 2.49524e-05 2.49522e-05 -2.49646e-05 2.50230e-05 2.49523e-05 2.49521e-05 -2.49679e-05 2.49521e-05 -2.49679e-05 2.49530e-05 -2.49675e-05 -2.49678e-05 2.49862e-05 2.49524e-05 2.49404e-05
1.80392e-02 6.57179e-04 -6.20828e-03 -4.20340e-03 -3.06642e-03 -9.76849e-04 1.00000e+00 -3.57786e-04 -1.13550e-02 -3.57374e-04 -5.80838e-04 -9.76787e-04 -5.28613e-03 -3.31983e-04 -2.98250e-03 -4.91786e-04 -1.11592e-03 -9.76787e-04 -1.62474e-03 -8.03330e-04 -9.74643e-04 -9.76788e-04 -9.77631e-04 -9.76787e-04 -9.76788e-04 -9.76788e-04 -7.50033e-03 -5.51266e-04 -3.56098e-03 6.24493e-04 -5.52061e-04 -1.08185e-03 -8.95011e-04 -9.76788e-04 9.92452e-05 1.52010e-04 -1.10545e-03 1.14842e-04 -1.00700e-03 -9.82146e-04 -9.76788e-04 1.55298e-04 -9.80671e-04 -1.00772e-03 -9.76788e-04 -9.76997e-04 -9.76787e-04 -9.76788e-04 -9.76788e-04 3.05546e-03 2.20265e-03 -7.90264e-04 1.99133e-03 -9.45482e-04 -9.68288e-04 -9.76788e-04 1.39922e-03 -9.76813e-04 -9.80695e-04 -9.76788e-04 -9.76788e-04 -9.76788e-04 -9.76788e-04 -9.76787e-04 1.42394e-03 -9.76774e-04 -9.76787e-04 -9.76788e-04 -9.76787e-04 -9.76787e-04 -9.76787e-04 -9.76788e-04 -9.76787e-04 -9.76750e-04 -9.76787e-04 -9.76750e-04 -9.76787e-04 -9.76788e-04 -9.76788e-04 -9.76786e-04
2.07117e-02 -6.64727e-03 8.71051e-04 -1.93936e-03 -1.08324e-03 -1.19205e-04 -3.57786e-04 1.00000e+00 -1.19396e-02 -3.56984e-04 -3.10998e-04 -1.19022e-04 -4.90257e-03 1.09417e-04 -2.23330e-03 -5.57228e-05 -1.49173e-04 -1.19022e-04 -1.81688e-03 1.15225e-04 -1.19289e-04 -1.19022e-04 -1.19495e-04 -1.19022e-04 -1.19022e-04 -1.19022e-04 -5.54181e-03 -3.87914e-04 -2.98821e-03 1.93612e-03 2.19106e-04 -1.53765e-04 1.97381e-04 -1.19022e-04 7.92200e-04 9.01596e-04 -6.79875e-05 8.33588e-04 -1.35221e-04 -1.19518e-04 -1.19022e-04 1.46902e-03 -1.22171e-04 -1.44448e-04 -1.19022e-04 -1.19023e-04 -1.19022e-04 -1.19022e-04 -1.19022e-04 2.44307e-03 2.01145e-03 -2.81942e-05 1.72113e-03 -1.19588e-04 -1.19031e-04 -1.19022e-04 2.03610e-03 -1.16285e-04 -1.22244e-04 -1.19022e-04 -1.19022e-04 -1.19022e-04 -1.19022e-04 -1.19022e-04 2.27081e-03 -1.19022e-04 -1.19022e-04 -1.19022e-04 -1.19022e-04 -1.19022e-04 -1.19022e-04 -1.19022e-04 -1.19022e-04 -1.19022e-04 -1.19022e-04 -1.19022e-04 -1.19022e-04 -1.19022e-04 -1.19022e-04 -1.19022e-04
8.94856e-03 -1.04181e-02 -1.06036e-02 -1.03234e-02 -7.94478e-03 -4.47880e-04 -1.13550e-02 -1.19396e-02 1.00000e+00 -8.58390e-03 -5.94182e-03 -7.87653e-04 -4.38908e-03 -4.30250e-03 -1.24973e-04 -2.87229e-03 -1.43841e-03 -1.00350e-03 7.30187e-04 -1.74167e-03 -1.16614e-03 -9.81379e-04 -7.25723e-04 -4.21509e-04 -7.95594e-04 -8.79127e-04 -1.13272e-02 -6.84473e-03 -5.45322e-03 -5.73470e-03 5.59281e-03 -2.33903e-03 -2.17734e-03 -6.82705e-04 -8.53826e-03 -7.36413e-03 -1.34536e-03 -2.56013e-03 -1.08644e-03 -4.32642e-04 -7.74312e-04 -2.78914e-03 -8.53005e-04 -1.07488e-03 -7.83528e-04 -1.12243e-03 -7.77856e-04 -5.82777e-04 -7.98410e-04 -1.72083e-03 -1.97170e-03 -1.23715e-03 6.08016e-03 -8.48783e-04 -8.01971e-04 -7.83928e-04 4.34011e-03 -8.46501e-04 -7.04307e-04 -7.96033e-04 -5.20419e-04 -8.27642e-04 -8.16279e-04 -9.30465e-04 1.63222e-03 -7.69737e-04 -7.81220e-04 -1.14957e-03 -9.64643e-04 -8.30457e-04 -6.51205e-04 -8.01436e-04 -8.42223e-04 -6.98046e-04 -7.29472e-04 -1.16449e-03 -7.43894e-04 -7.84257e-04 -8.75359e-04 -5.23891e-04
8.08111e-03 -4.67525e-03 -1.39946e-03 2.89631e-04 -6.69450e-04 1.06264e-05 -3.57374e-04 -3.56984e-04 -8.58390e-03 1.00000e+00 -1.68130e-05 1.06264e-05 -1.93626e-03 2.26125e-05 -1.85874e-03 9.32117e-06 8.38149e-06 1.06264e-05 -1.35577e-03 1.17682e-05 9.95293e-06 1.06264e-05 1.06024e-05 1.06264e-05 1.06264e-05 1.06264e-05 -2.92020e-03 2.39297e-05 -1.62560e-03 1.85170e-03 3.64864e-04 1.67573e-05 3.49391e-04 1.06264e-05 8.95348e-04 1.00446e-03 1.05685e-05 9.27481e-04 1.06162e-05 1.06258e-05 1.06264e-05 1.46789e-03 1.06253e-05 1.06251e-05 1.06264e-05 1.06264e-05 1.06264e-05 1.06264e-05 1.06264e-05 2.25157e-03 1.82201e-03 1.05889e-05 1.82011e-03 1.05102e-05 1.06263e-05 1.06264e-05 1.86884e-03 1.06264e-05 1.06262e-05 1.06264e-05 1.06264e-05 1.06264e-05 1.06264e-05 1.06264e-05 2.24580e-03 1.06264e-05 1.06264e-05 1.06264e-05 1.06264e-05 1.06264e-05 1.06264e-05 1.06264e-05 1.06264e-05 1.06264e-05 1.06264e-05 1.06264e-05 1.06264e-05 1.06264e-05 1.06264e-05 1.06264e-05
3.48332e-03 -4.22221e-03 -1.48541e-03 -9.63273e-04 -1.83941e-04 -1.58116e-05 -5.80838e-04 -3.10998e-04 -5.94182e-03 -1.68130e-05 1.00000e+00 -1.58116e-05 -1.55827e-03 -1.75316e-06 -1.32148e-03 -6.59332e-06 -1.60269e-05 -1.58116e-05 -1.01940e-03 -6.83498e-06 -1.58890e-05 -1.58116e-05 -1.58120e-05 -1.58116e-05 -1.58116e-05 -1.58116e-05 -2.44594e-03 -4.60910e-05 -1.18354e-03 1.79604e-03 4.15786e-04 -8.62832e-06 3.42196e-04 -1.58116e-05 9.01408e-04 1.05797e-03 -1.61520e-05 9.46836e-04 -1.58226e-05 -1.58117e-05 -1.58116e-05 1.49491e-03 -1.58116e-05 -1.58075e-05 -1.58116e-05 -1.58116e-05 -1.58116e-05 -1.58116e-05 -1.58116e-05 2.13372e-03 1.86185e-03 -1.59317e-05 1.80565e-03 -1.58226e-05 -1.58117e-05 -1.58116e-05 1.81723e-03 -1.58117e-05 -1.55122e-05 -1.58116e-05 -1.58116e-05 -1.58116e-05 -1.58116e-05 -1.58116e-05 2.25772e-03 -1.58116e-05 -1.58116e-05 -1.58116e-05 -1.58116e-05 -1.58116e-05 -1.58116e-05 -1.58116e-05 -1.58116e-05 -1.58116e-05 -1.58116e-05 -1.58116e-05 -1.58116e-05 -1.58116e-05 -1.58116e-05 -1.58116e-05
-7.11037e-03 -3.22387e-03 -1.15452e-03 -5.68842e-04 -5.44206e-04 -2.49683e-05 -9.76787e-04 -1.19022e-04 -7.87653e-04 1.06264e-05 -1.58116e-05 1.00000e+00 -2.66622e-04 1.23926e-05 -7.51397e-04 1.09265e-07 2.46590e-05 -2.49702e-05 -6.04810e-04 6.68380e-10 2.49693e-05 2.49515e-05 -2.49684e-05 2.49517e-05 2.49241e-05 -2.49678e-05 -1.00987e-03 2.77481e-05 -1.78199e-04 1.86927e-03 5.13432e-04 4.01194e-08 3.55782e-04 -2.49685e-05 9.78582e-04 1.07866e-03 -2.47965e-05 9.52550e-04 -2.50351e-05 -2.49678e-05 -2.49752e-05 1.53535e-03 -2.49741e-05 6.03548e-06 -2.49530e-05 2.49497e-05 2.49728e-05 -2.49681e-05 -2.49683e-05 2.19059e-03 1.84806e-03 -2.50112e-05 1.83025e-03 -2.49689e-05 -2.49629e-05 -2.49684e-05 1.89656e-03 2.49517e-05 -2.49673e-05 2.49516e-05 -2.49678e-05 -2.49683e-05 -2.49585e-05 -2.49630e-05 2.26869e-03 -2.49680e-05 2.49520e-05 -2.49674e-05 2.50412e-05 2.49521e-05 2.49569e-05 -2.49683e-05 -2.49682e-05 -2.49683e-05 2.49522e-05 2.50224e-05 2.49522e-05 -2.49682e-05 2.49520e-05 -2.49684e-05
9.76430e-03 -8.11598e-06 -4.79939e-03 -5.68457e-03 -3.82358e-03 -2.69362e-04 -5.28613e-03 -4.90257e-03 -4.38908e-03 -1.93626e-03 -1.55827e-03 -2.66622e-04 1.00000e+00 -5.56090e-03 -8.87680e-03 -2.16817e-03 -1.01803e-03 -3.84437e-04 -7.55177e-03 -1.12045e-03 -5.47160e-04 -2.56756e-04 -3.04549e-04 -2.53441e-04 -2.70434e-04 -3.19302e-04 -1.39518e-02 -2.94446e-03 -1.06639e-02 -2.06022e-03 -6.06921e-03 -7.87882e-04 -7.02614e-04 -1.67515e-04 -5.94541e-04 3.99109e-03 -9.97038e-04 -3.94034e-04 -4.69053e-04 -2.81079e-04 -3.16041e-04 -1.22685e-03 -3.21035e-04 -4.70357e-04 -2.80517e-04 -2.64660e-04 -2.68282e-04 -3.49980e-04 -2.62376e-04 -5.92131e-05 3.93478e-03 -4.36245e-04 -5.19825e-04 -3.88488e-04 -3.14557e-04 -3.45265e-04 -1.01167e-03 -2.48488e-04 -3.03230e-04 -4.04544e-04 -1.82339e-04 -3.43893e-04 -1.78103e-04 -2.78138e-04 3.56475e-03 -2.87122e-04 -2.72195e-04 -3.58249e-04 -3.06659e-04 -3.85079e-04 -2.97895e-04 -3.18624e-04 -3.00168e-04 -2.69997e-04 -2.89470e-04 -3.53025e-04 -2.76934e-04 -3.10837e-04 -2.64226e-04 -2.67049e-04
-1.07338e-04 4.25133e-03 3.92588e-04 -9.52525e-04 -7.20734e-04 1.23926e-05 -3.31983e-04 1.09417e-04 -4.30250e-03 2.26125e-05 -1.75316e-06 1.23926e-05 -5.56090e-03 1.00000e+00 -2.42753e-03 1.08314e-05 1.18837e-05 1.23926e-05 -1.59660e-03 1.23347e-05 1.23739e-05 1.23926e-05 1.23893e-05 1.23926e-05 1.23926e-05 1.23926e-05 -3.71733e-03 2.50191e-05 -1.62521e-03 1.87692e-03 3.24372e-04 1.73079e-05 3.23198e-04 1.23926e-05 7.89236e-04 9.48364e-04 1.15229e-05 9.54187e-04 1.23254e-05 1.23845e-05 1.23926e-05 1.54158e-03 1.23896e-05 1.23917e-05 1.23926e-05 1.23926e-05 1.23926e-05 1.23926e-05 1.23926e-05 2.19460e-03 1.84137e-03 1.20642e-05 1.83903e-03 1.23926e-05 1.23910e-05 1.23926e-05 1.91295e-03 1.23926e-05 1.23920e-05 1.23926e-05 1.23926e-05 1.23926e-05 1.23926e-05 1.23926e-05 2.28594e-03 1.23926e-05 1.23926e-05 1.23926e-05 1.23926e-05 1.23926e-05 1.23926e-05 1.23926e-05 1.23926e-05 1.23926e-05 1.23926e-05 1.23926e-05 1.23926e-05 1.23926e-05 1.23926e-05 1.23926e-05
6.98175e-03 1.88055e-03 -3.37061e-03 -2.75338e-03 -2.38162e-03 -7.56911e-04 -2.98250e-03 -2.23330e-03 -1.24973e-04 -1.85874e-03 -1.32148e-03 -7.51397e-04 -8.87680e-03 -2.42753e-03 1.00000e+00 -2.68335e-03 -1.07523e-03 -7.56304e-04 -7.83842e-03 -1.10775e-03 -8.01157e-04 -7.43104e-04 -8.34538e-04 -7.45311e-04 -7.48394e-04 -7.47331e-04 -1.27085e-02 -2.04732e-03 -9.03020e-03 -4.45970e-04 -2.75247e-03 -1.03978e-03 -7.09661e-04 -7.54635e-04 7.49830e-04 1.24941e-03 -1.04119e-03 3.28667e-03 -8.50464e-04 -7.67469e-04 -7.58586e-04 1.09848e-04 -7.63117e-04 -7.90961e-04 -7.56154e-04 -7.60454e-04 -7.69480e-04 -7.47883e-04 -7.51273e-04 1.05353e-03 1.46448e-03 -8.27384e-04 2.52553e-03 -7.78289e-04 -7.40787e-04 -7.62371e-04 -9.46688e-04 -7.51126e-04 -7.66459e-04 -7.56755e-04 -7.31532e-04 -7.58785e-04 -7.54664e-04 -7.37388e-04 2.91430e-03 -7.57549e-04 -7.23157e-04 -7.36576e-04 -7.26924e-04 -7.54771e-04 -7.53647e-04 -7.75622e-04 -7.60769e-04 -7.56966e-04 -7.54480e-04 -7.83513e-04 -7.61603e-04 -7.57284e-04 -7.57806e-04 -7.48813e-04
-4.21982e-03 1.74083e-03 -1.39168e-03 1.57414e-04 -6.42258e-04 1.09265e-07 -4.91786e-04 -5.57228e-05 -2.87229e-03 9.32117e-06 -6.59332e-06 1.09265e-07 -2.16817e-03 1.08314e-05 -2.68335e-03 1.00000e+00 8.72998e-08 1.09265e-07 -1.05651e-03 4.14387e-07 1.08912e-07 1.09265e-07 1.00522e-07 1.09265e-07 1.09265e-07 1.09265e-07 -1.98575e-03 3.08954e-05 -9.20009e-04 1.86789e-03 3.71668e-04 1.01386e-06 3.66197e-04 1.09265e-07 8.98802e-04 1.06894e-03 6.48021e-08 9.35555e-04 9.00288e-08 1.09201e-07 1.09265e-07 1.54712e-03 1.09234e-07 1.08555e-07 1.09265e-07 1.09265e-07 1.09265e-07 1.09265e-07 1.09265e-07 2.20570e-03 1.85011e-03 1.09256e-07 1.85045e-03 1.09251e-07 1.09265e-07 1.09265e-07 1.90263e-03 1.09265e-07 1.08882e-07 1.09265e-07 1.09265e-07 1.09265e-07 1.09265e-07 1.09265e-07 2.28053e-03 1.09265e-07 1.09265e-07 1.09265e-07 1.09265e-07 1.09265e-07 1.09265e-07 1.09265e-07 1.09265e-07 1.09265e-07 1.09265e-07 1.09265e-07 1.09265e-07 1.09265e-07 1.09265e-07 1.09265e-07
-5.87502e-03 -1.99540e-03 -1.27931e-03 -6.42486e-04 -4.26694e-04 2.46620e-05 -1.11592e-03 -1.49173e-04 -1.43841e-03 8.38149e-06 -1.60269e-05 2.46590e-05 -1.01803e-03 1.18837e-05 -1.07523e-03 8.72998e-08 1.00000e+00 -2.55762e-05 -6.74276e-04 6.53682e-10 -2.55238e-05 -2.55749e-05 2.46616e-05 2.46803e-05 2.46617e-05 -2.55762e-05 -1.02181e-03 2.41961e-05 -4.85713e-04 1.86866e-03 4.50378e-04 3.66204e-08 3.55237e-04 -2.55766e-05 9.67135e-04 1.08272e-03 -2.39771e-05 9.42275e-04 -2.56335e-05 -2.54526e-05 -2.55750e-05 1.53285e-03 -2.55985e-05 -1.76869e-05 2.46710e-05 2.46603e-05 2.46618e-05 2.46447e-05 2.46618e-05 2.18741e-03 1.84703e-03 2.46359e-05 1.83424e-03 2.46698e-05 -2.55633e-05 -2.55828e-05 1.89617e-03 2.46619e-05 -2.55902e-05 -2.55761e-05 2.46619e-05 -2.55760e-05 2.46618e-05 2.46618e-05 2.26816e-03 2.45920e-05 -2.54212e-05 2.46655e-05 -2.55759e-05 -2.55762e-05 -2.55646e-05 -2.55772e-05 2.46613e-05 -2.55751e-05 -2.55768e-05 2.46625e-05 -2.55834e-05 -2.55760e-05 2.46619e-05 -2.55770e-05
-6.83668e-03 -3.09594e-03 -1.15447e-03 -5.68843e-04 -5.44206e-04 -2.49683e-05 -9.76787e-04 -1.19022e-04 -1.00350e-03 1.06264e-05 -1.58116e-05 -2.49702e-05 -3.84437e-04 1.23926e-05 -7.56304e-04 1.09265e-07 -2.55762e-05 1.00000e+00 -6.05809e-04 6.68380e-10 2.49693e-05 2.49871e-05 -2.49682e-05 -2.49681e-05 2.49519e-05 -2.49666e-05 -5.74017e-04 2.77481e-05 -4.52589e-04 1.86927e-03 4.81355e-04 4.01194e-08 3.55782e-04 2.49520e-05 9.87356e-04 1.07819e-03 -2.47801e-05 9.52547e-04 -2.50345e-05 -2.49678e-05 2.49518e-05 1.53535e-03 -2.49253e-05 -1.57821e-05 -2.49679e-05 -2.49841e-05 2.49518e-05 2.49519e-05 -2.49681e-05 2.19063e-03 1.84806e-03 2.49349e-05 1.83025e-03 2.49517e-05 -2.49654e-05 2.49519e-05 1.89656e-03 -2.49928e-05 2.49527e-05 2.49518e-05 -2.49680e-05 -2.49679e-05 -2.48763e-05 2.50279e-05 2.26869e-03 2.49514e-05 -2.49682e-05 2.49607e-05 2.49251e-05 2.49730e-05 -2.49685e-05 -2.49684e-05 2.49778e-05 2.49516e-05 2.49288e-05 2.50388e-05 -2.49680e-05 2.49517e-05 2.50409e-05 -2.49678e-05
6.42704e-03 -5.19401e-04 -4.93911e-04 -1.77682e-03 -1.70004e-03 -6.05683e-04 -1.62474e-03 -1.81688e-03 7.30187e-04 -1.35577e-03 -1.01940e-03 -6.04810e-04 -7.55177e-03 -1.59660e-03 -7.83842e-03 -1.05651e-03 -6.74276e-04 -6.05809e-04 1.00000e+00 -1.54163e-03 -7.43972e-04 -6.09903e-04 -6.56239e-04 -6.05763e-04 -6.07623e-04 -6.06534e-04 -1.25546e-02 -1.43108e-03 -5.40421e-03 3.35799e-05 -1.44939e-03 -7.96863e-04 -6.15984e-04 -6.05419e-04 5.90844e-04 2.63452e-04 -7.63619e-04 -2.42055e-04 -6.30886e-04 -6.07023e-04 -6.05446e-04 3.21807e-03 -6.22155e-04 -6.52522e-04 -6.07838e-04 -6.04802e-04 -6.09428e-04 -6.05776e-04 -6.05273e-04 1.35696e-03 7.02701e-04 -6.36346e-04 -1.85477e-04 -6.12661e-04 -6.07219e-04 -6.05830e-04 2.34341e-03 -6.07671e-04 -6.10277e-04 -6.05889e-04 -6.05875e-04 -6.05826e-04 -6.09211e-04 -6.04040e-04 2.63925e-03 -6.08435e-04 -6.05813e-04 -6.05821e-04 -6.09130e-04 -6.05125e-04 -6.06237e-04 -6.05743e-04 -6.02929e-04 -6.05451e-04 -6.05765e-04 -6.05781e-04 -6.06198e-04 -6.06116e-04 -6.05845e-04 -6.02624e-04
-5.44531e-03 -2.71997e-03 4.55879e-04 -2.18889e-04 -5.61899e-04 6.68379e-10 -8.03330e-04 1.15225e-04 -1.74167e-03 1.17682e-05 -6.83498e-06 6.68380e-10 -1.12045e-03 1.23347e-05 -1.10775e-03 4.14387e-07 6.53682e-10 6.68380e-10 -1.54163e-03 1.00000e+00 6.67036e-10 6.68380e-10 6.67773e-10 6.68380e-10 6.68379e-10 6.68380e-10 -5.72634e-04 3.71198e-05 -6.47472e-04 1.86967e-03 4.34136e-04 2.38710e-06 3.63292e-04 6.68379e-10 9.49398e-04 1.06257e-03 9.36548e-10 9.51051e-04 7.75422e-10 6.68380e-10 6.68380e-10 1.54347e-03 6.68216e-10 6.68687e-10 6.68380e-10 6.68379e-10 6.68379e-10 6.68380e-10 6.68380e-10 2.19260e-03 1.84533e-03 6.68142e-10 1.83431e-03 6.68378e-10 6.68380e-10 6.68380e-10 1.90698e-03 6.68272e-10 6.68354e-10 6.68380e-10 6.68380e-10 6.68380e-10 6.68380e-10 6.68379e-10 2.27681e-03 6.68380e-10 6.68380e-10 6.68380e-10 6.68379e-10 6.68380e-10 6.68380e-10 6.68380e-10 6.68380e-10 6.68380e-10 6.68380e-10 6.68380e-10 6.68380e-10 6.68380e-10 6.68380e-10 6.68379e-10
-6.66306e-03 -3.13004e-03 -7.99895e-04 -6.14070e-04 -4.64654e-04 2.49696e-05 -9.74643e-04 -1.19289e-04 -1.16614e-03 9.95293e-06 -1.58890e-05 2.49693e-05 -5.47160e-04 1.23739e-05 -8.01157e-04 1.08912e-07 -2.55238e-05 2.49693e-05 -7.43972e-04 6.67036e-10 1.00000e+00 -2.49509e-05 2.50589e-05 2.49681e-05 -2.49414e-05 2.49488e-05 -1.29425e-03 2.77182e-05 -4.96042e-04 1.86858e-03 4.71167e-04 4.01197e-08 3.55781e-04 2.49793e-05 9.89097e-04 1.06917e-03 -2.48285e-05 9.50607e-04 -2.50070e-05 -2.49500e-05 -2.49508e-05 1.53407e-03 2.49807e-05 3.32721e-05 -2.49522e-05 -2.49509e-05 2.49695e-05 2.49636e-05 -2.49549e-05 2.18848e-03 1.84651e-03 2.49524e-05 1.83026e-03 -2.49418e-05 2.49695e-05 -2.49507e-05 1.89384e-03 -2.49498e-05 -2.49452e-05 2.49692e-05 2.49697e-05 -2.49509e-05 -2.49523e-05 -2.49818e-05 2.26862e-03 2.49692e-05 -2.49512e-05 2.49682e-05 2.49903e-05 -2.49497e-05 -2.49433e-05 2.49694e-05 -2.49508e-05 -2.49511e-05 -2.49473e-05 2.49695e-05 2.49696e-05 2.49699e-05 2.49142e-05 2.49726e-05
-7.41500e-03 -3.12841e-03 -1.15444e-03 -5.68843e-04 -5.44206e-04 -2.49655e-05 -9.76788e-04 -1.19022e-04 -9.81379e-04 1.06264e-05 -1.58116e-05 2.49515e-05 -2.56756e-04 1.23926e-05 -7.43104e-04 1.09265e-07 -2.55749e-05 2.49871e-05 -6.09903e-04 6.68380e-10 -2.49509e-05 1.00000e+00 -2.49685e-05 -2.50422e-05 -2.49682e-05 -2.49692e-05 -6.12014e-04 2.77481e-05 -5.07682e-04 1.86927e-03 4.63716e-04 4.01194e-08 3.55782e-04 -2.49682e-05 9.88940e-04 1.07877e-03 -2.48038e-05 9.52549e-04 -2.50350e-05 -2.50159e-05 -2.49687e-05 1.53535e-03 -2.49628e-05 -1.57880e-05 2.48419e-05 -2.49685e-05 -2.49681e-05 -2.49689e-05 2.49516e-05 2.19061e-03 1.84806e-03 -2.49852e-05 1.83025e-03 -2.49852e-05 -2.49682e-05 -2.49718e-05 1.89656e-03 -2.49684e-05 -2.49614e-05 2.49520e-05 2.49075e-05 2.49515e-05 -2.49981e-05 -2.49484e-05 2.26869e-03 -2.49523e-05 -2.49683e-05 2.49516e-05 -2.49684e-05 2.49516e-05 2.49516e-05 -2.49747e-05 -2.49669e-05 -2.49682e-05 2.49519e-05 -2.49726e-05 -2.49995e-05 -2.49986e-05 2.49233e-05 2.49510e-05
-7.10458e-03 -3.13919e-03 -1.13048e-03 -5.35999e-04 -5.45361e-04 2.49527e-05 -9.77631e-04 -1.19495e-04 -7.25723e-04 1.06024e-05 -1.58120e-05 -2.49684e-05 -3.04549e-04 1.23893e-05 -8.34538e-04 1.00522e-07 2.46616e-05 -2.49682e-05 -6.56239e-04 6.67773e-10 2.50589e-05 -2.49685e-05 1.00000e+00 2.50080e-05 -2.49691e-05 -2.49679e-05 -6.54742e-04 2.77481e-05 -2.72285e-04 1.86925e-03 4.40357e-04 3.96032e-08 3.55782e-04 -2.49692e-05 9.98681e-04 1.07799e-03 -2.47998e-05 9.50908e-04 2.48847e-05 2.49529e-05 -2.49651e-05 1.53534e-03 -2.49467e-05 -1.57818e-05 -2.49678e-05 -2.49684e-05 -2.49682e-05 2.49518e-05 -2.49686e-05 2.19056e-03 1.84805e-03 2.49349e-05 1.83028e-03 2.49516e-05 2.49519e-05 2.49516e-05 1.89656e-03 2.49383e-05 2.49894e-05 -2.49680e-05 -2.49672e-05 2.49517e-05 2.49612e-05 2.49517e-05 2.26860e-03 -2.49481e-05 -2.49679e-05 2.49517e-05 2.49516e-05 -2.49744e-05 -2.49678e-05 2.49524e-05 -2.49685e-05 2.49517e-05 2.49432e-05 2.49521e-05 2.49522e-05 -2.49672e-05 -2.49781e-05 2.49531e-05
-7.12581e-03 -3.18103e-03 -1.15443e-03 -5.68843e-04 -5.44206e-04 2.49663e-05 -9.76787e-04 -1.19022e-04 -4.21509e-04 1.06264e-05 -1.58116e-05 2.49517e-05 -2.53441e-04 1.23926e-05 -7.45311e-04 1.09265e-07 2.46803e-05 -2.49681e-05 -6.05763e-04 6.68380e-10 2.49681e-05 -2.50422e-05 2.50080e-05 1.00000e+00 -2.49681e-05 -2.49678e-05 -6.80636e-04 2.77481e-05 -4.17318e-04 1.86927e-03 4.80872e-04 4.01194e-08 3.55782e-04 -2.49678e-05 9.82291e-04 1.07868e-03 -2.47865e-05 9.52491e-04 2.48846e-05 2.49519e-05 2.49518e-05 1.53535e-03 2.49632e-05 7.25733e-06 -2.49678e-05 -2.49840e-05 -2.49686e-05 2.49893e-05 -2.49682e-05 2.19061e-03 1.84806e-03 2.49339e-05 1.83025e-03 -2.49680e-05 -2.49712e-05 2.49246e-05 1.89656e-03 2.49422e-05 -2.49677e-05 -2.49684e-05 2.49521e-05 -2.49682e-05 -2.49681e-05 2.49518e-05 2.26869e-03 -2.49778e-05 2.49519e-05 2.49518e-05 -2.49681e-05 -2.49681e-05 -2.49680e-05 -2.49673e-05 -2.49682e-05 2.49779e-05 2.49511e-05 -2.49470e-05 2.49484e-05 -2.49680e-05 -2.49821e-05 2.49523e-05
-7.08851e-03 -3.18605e-03 -1.15443e-03 -5.68842e-04 -5.44206e-04 -2.49711e-05 -9.76788e-04 -1.19022e-04 -7.95594e-04 1.06264e-05 -1.58116e-05 2.49241e-05 -2.70434e-04 1.23926e-05 -7.48394e-04 1.09265e-07 2.46617e-05 2.49519e-05 -6.07623e-04 6.68379e-10 -2.49414e-05 -2.49682e-05 -2.49691e-05 -2.49681e-05 1.00000e+00 2.49522e-05 -4.06548e-04 2.77481e-05 -3.73634e-04 1.86927e-03 4.82454e-04 4.01194e-08 3.55782e-04 2.49521e-05 1.00289e-03 1.07970e-03 -2.48032e-05 9.52441e-04 2.48876e-05 2.49522e-05 2.49205e-05 1.53535e-03 -2.49567e-05 -1.60898e-05 -2.49639e-05 -2.49685e-05 2.49677e-05 2.49621e-05 2.49517e-05 2.19078e-03 1.84806e-03 2.49043e-05 1.83025e-03 -2.49680e-05 -2.49631e-05 -2.49685e-05 1.89656e-03 2.49524e-05 2.49527e-05 -2.49624e-05 2.49523e-05 2.49544e-05 -2.49253e-05 -2.49682e-05 2.26869e-03 2.48632e-05 -2.49679e-05 2.49518e-05 -2.49681e-05 -2.49651e-05 2.49519e-05 2.49521e-05 -2.49682e-05 -2.49629e-05 2.49522e-05 -2.49690e-05 2.49512e-05 -2.49711e-05 -2.49679e-05 -2.49677e-05
-6.83457e-03 -3.17328e-03 -1.15443e-03 -5.68843e-04 -5.44206e-04 2.49523e-05 -9.76788e-04 -1.19022e-04 -8.79127e-04 1.06264e-05 -1.58116e-05 -2.49678e-05 -3.19302e-04 1.23926e-05 -7.47331e-04 1.09265e-07 -2.55762e-05 -2.49666e-05 -6.06534e-04 6.68380e-10 2.49488e-05 -2.49692e-05 -2.49679e-05 -2.49678e-05 2.49522e-05 1.00000e+00 -2.68340e-04 2.77481e-05 -5.80931e-04 1.86927e-03 4.78956e-04 4.01194e-08 3.55782e-04 2.49405e-05 1.00044e-03 1.07858e-03 -2.48030e-05 9.52548e-04 -2.50353e-05 2.49025e-05 -2.49678e-05 1.53535e-03 -2.49565e-05 -1.59629e-05 -2.49674e-05 2.49546e-05 -2.49679e-05 2.49527e-05 2.49710e-05 2.19061e-03 1.84806e-03 2.49130e-05 1.83025e-03 2.49519e-05 -2.49650e-05 -2.49668e-05 1.89656e-03 -2.49680e-05 2.49529e-05 -2.49679e-05 -2.49668e-05 -2.49668e-05 2.50225e-05 2.49520e-05 2.26869e-03 2.49512e-05 2.49772e-05 -2.49688e-05 2.49163e-05 -2.49688e-05 -2.49681e-05 2.49437e-05 -2.49680e-05 2.48564e-05 -2.49675e-05 2.49523e-05 -2.49675e-05 -2.49648e-05 2.49522e-05 -2.49676e-05
9.91505e-03 -3.20079e-03 -7.33741e-03 -5.94171e-03 -4.54946e-03 -6.39623e-04 -7.50033e-03 -5.54181e-03 -1.13272e-02 -2.92020e-03 -2.44594e-03 -1.00987e-03 -1.39518e-02 -3.71733e-03 -1.27085e-02 -1.98575e-03 -1.02181e-03 -5.74017e-04 -1.25546e-02 -5.72634e-04 -1.29425e-03 -6.12014e-04 -6.54742e-04 -6.80636e-04 -4.06548e-04 -2.68340e-04 1.00000e+00 -7.00985e-03 -3.98805e-03 4.50592e-03 6.64516e-03 -1.33575e-03 6.08447e-03 -6.26872e-04 6.69103e-04 4.16758e-03 -1.39649e-03 -4.69123e-05 -5.92625e-04 -7.11332e-04 -5.71227e-04 1.01765e-02 -4.49410e-04 -5.31540e-04 -6.58720e-04 -7.18575e-04 -4.27651e-04 -6.42911e-04 -5.40988e-04 7.22215e-04 3.46031e-03 -6.92463e-04 -6.25748e-04 -1.21947e-03 -4.51928e-04 -8.34511e-04 7.66208e-03 -6.60528e-04 -4.71438e-04 -7.35463e-04 -4.98139e-04 -8.80766e-04 -5.79649e-04 -5.12981e-04 -3.32903e-04 -5.71924e-04 -4.93696e-04 -4.76024e-04 -7.96678e-04 -3.91895e-04 -4.35687e-04 -5.85569e-04 -5.51391e-04 -9.77461e-04 -6.21576e-04 -2.19933e-04 -4.11609e-04 -6.47958e-04 -4.39816e-04 -6.05287e-04
1.04519e-02 1.01786e-03 -2.39414e-03 -1.08682e-03 -8.71469e-04 2.77473e-05 -5.51266e-04 -3.87914e-04 -6.84473e-03 2.39297e-05 -4.60910e-05 2.77481e-05 -2.94446e-03 2.50191e-05 -2.04732e-03 3.08954e-05 2.41961e-05 2.77481e-05 -1.43108e-03 3.71198e-05 2.77182e-05 2.77481e-05 2.77481e-05 2.77481e-05 2.77481e-05 2.77481e-05 -7.00985e-03 1.00000e+00 -3.05306e-03 1.79121e-03 1.66782e-04 4.78027e-05 4.00671e-04 2.77481e-05 8.39056e-04 1.02264e-03 2.29033e-05 9.23861e-04 2.70696e-05 2.77139e-05 2.77481e-05 1.51211e-03 2.77477e-05 2.77458e-05 2.77481e-05 2.77481e-05 2.77481e-05 2.77481e-05 2.77481e-05 2.25885e-03 1.84733e-03 2.76148e-05 1.80973e-03 2.71121e-05 2.77251e-05 2.77481e-05 1.81650e-03 2.77481e-05 2.77475e-05 2.77481e-05 2.77481e-05 2.77481e-05 2.77481e-05 2.77481e-05 2.22709e-03 2.77481e-05 2.77481e-05 2.77481e-05 2.77481e-05 2.77481e-05 2.77481e-05 2.77481e-05 2.77481e-05 2.77481e-05 2.77481e-05 2.77481e-05 2.77481e-05 2.77481e-05 2.77481e-05 2.77481e-05
8.55017e-03 -2.17830e-03 -1.92030e-03 -2.80151e-03 -2.88125e-03 -3.63481e-04 -3.56098e-03 -2.98821e-03 -5.45322e-03 -1.62560e-03 -1.18354e-03 -1.78199e-04 -1.06639e-02 -1.62521e-03 -9.03020e-03 -9.20009e-04 -4.85713e-04 -4.52589e-04 -5.40421e-03 -6.47472e-04 -4.96042e-04 -5.07682e-04 -2.72285e-04 -4.17318e-04 -3.73634e-04 -5.80931e-04 -3.98805e-03 -3.05306e-03 1.00000e+00 1.07632e-02 -8.15495e-04 -1.89100e-04 1.74890e-03 -4.32267e-04 1.47296e-03 4.27861e-03 -7.18205e-04 -1.21862e-03 -5.15907e-04 -6.30909e-04 -2.05443e-04 5.35240e-03 -2.36807e-04 -5.83320e-05 -4.10338e-04 -6.60170e-04 -5.38970e-04 -3.19107e-04 -2.90083e-04 1.99568e-03 3.33579e-03 -7.70892e-04 -1.60617e-03 -4.23647e-04 -4.33456e-04 -5.29242e-04 3.75052e-03 -5.92985e-04 -3.46159e-04 -4.35358e-04 -4.99940e-04 -4.13202e-04 -4.17571e-04 -4.12073e-04 2.48057e-03 -4.43888e-04 -4.74613e-04 -4.25334e-04 -4.64736e-04 -5.97077e-04 -5.68258e-04 -4.30325e-04 -4.48232e-04 -5.61954e-04 -1.87829e-04 -4.00460e-04 -5.41580e-04 -4.40178e-04 -3.97997e-04 -1.57256e-04
8.18937e-03 -1.53390e-03 1.93111e-03 7.89686e-04 1.28473e-03 1.86927e-03 6.24493e-04 1.93612e-03 -5.73470e-03 1.85170e-03 1.79604e-03 1.86927e-03 -2.06022e-03 1.87692e-03 -4.45970e-04 1.86789e-03 1.86866e-03 1.86927e-03 3.35799e-05 1.86967e-03 1.86858e-03 1.86927e-03 1.86925e-03 1.86927e-03 1.86927e-03 1.86927e-03 4.50592e-03 1.79121e-03 1.07632e-02 1.00000e+00 -6.64618e-03 1.80043e-03 1.64106e-03 1.86927e-03 -6.43000e-04 -8.33883e-04 1.84229e-03 2.18734e-03 1.86754e-03 1.86777e-03 1.86927e-03 1.25014e-03 1.86353e-03 1.85514e-03 1.86927e-03 1.86926e-03 1.86927e-03 1.86927e-03 1.86927e-03 2.51091e-03 2.00673e-03 1.85547e-03 3.35982e-03 1.86927e-03 1.86923e-03 1.86927e-03 2.37402e-03 1.86852e-03 1.86339e-03 1.86927e-03 1.86927e-03 1.86927e-03 1.86927e-03 1.86927e-03 4.02127e-03 1.86927e-03 1.86927e-03 1.86927e-03 1.86927e-03 1.86927e-03 1.86927e-03 1.86927e-03 1.86927e-03 1.86927e-03 1.86927e-03 1.86927e-03 1.86927e-03 1.86927e-03 1.86927e-03 1.86927e-03
4.85523e-03 -5.05475e-04 -4.27278e-04 7.61434e-04 4.75779e-04 4.79587e-04 -5.52061e-04 2.19106e-04 5.59281e-03 3.64864e-04 4.15786e-04 5.13432e-04 -6.06921e-03 3.24372e-04 -2.75247e-03 3.71668e-04 4.50378e-04 4.81355e-04 -1.44939e-03 4.34136e-04 4.71167e-04 4.63716e-04 4.40357e-04 4.80872e-04 4.82454e-04 4.78956e-04 6.64516e-03 1.66782e-04 -8.15495e-04 -6.64618e-03 1.00000e+00 -2.55780e-05 -5.27262e-03 4.80447e-04 -5.67311e-04 -5.26857e-03 3.97152e-04 2.82391e-03 4.81184e-04 4.09955e-04 4.81239e-04 -1.52807e-03 4.51257e-04 2.55987e-04 4.85926e-04 5.13472e-04 4.78992e-04 5.02475e-04 5.00044e-04 2.19452e-03 -2.51104e-03 4.29042e-04 3.16379e-03 4.76703e-04 4.65895e-04 4.90310e-04 -4.32910e-04 4.90871e-04 4.25566e-04 4.75463e-04 4.89342e-04 4.74938e-04 4.82734e-04 4.77969e-04 4.52913e-03 4.80092e-04 4.79288e-04 4.77077e-04 4.89351e-04 5.00136e-04 4.87134e-04 4.80233e-04 5.00260e-04 4.91112e-04 4.89002e-04 5.05194e-04 4.87472e-04 4.79117e-04 4.79408e-04 4.77885e-04
-3.05987e-03 -3.15630e-03 -1.45642e-03 -2.02924e-04 -5.85244e-04 4.01194e-08 -1.08185e-03 -1.53765e-04 -2.33903e-03 1.67573e-05 -8.62832e-06 4.01194e-08 -7.87882e-04 1.73079e-05 -1.03978e-03 1.01386e-06 3.66204e-08 4.01194e-08 -7.96863e-04 2.38710e-06 4.01197e-08 4.01194e-08 3.96032e-08 4.01194e-08 4.01194e-08 4.01194e-08 -1.33575e-03 4.78027e-05 -1.89100e-04 1.80043e-03 -2.55780e-05 1.00000e+00 3.58419e-04 4.01194e-08 7.95557e-04 9.74579e-04 3.99556e-08 9.43878e-04 3.83031e-08 4.01193e-08 4.01194e-08 1.49910e-03 4.00790e-08 4.02016e-08 4.01194e-08 4.01194e-08 4.01196e-08 4.01194e-08 4.01194e-08 2.17282e-03 1.82738e-03 4.01189e-08 1.82750e-03 4.01192e-08 3.81854e-08 4.01198e-08 1.88717e-03 4.01194e-08 4.01194e-08 4.01194e-08 4.01194e-08 4.01199e-08 4.01194e-08 4.01194e-08 2.27461e-03 4.01194e-08 4.01194e-08 4.01194e-08 4.01194e-08 4.01194e-08 4.01194e-08 4.01194e-08 4.01194e-08 4.01194e-08 4.01194e-08 4.01194e-08 4.01194e-08 4.01194e-08 4.01194e-08 4.01194e-08
-3.56815e-03 -3.05904e-03 -1.12279e-03 -1.56247e-04 3.44844e-05 3.55782e-04 -8.95011e-04 1.97381e-04 -2.17734e-03 3.49391e-04 3.42196e-04 3.55782e-04 -7.02614e-04 3.23198e-04 -7.09661e-04 3.66197e-04 3.55237e-04 3.55782e-04 -6.15984e-04 3.63292e-04 3.55781e-04 3.55782e-04 3.55782e-04 3.55782e-04 3.55782e-04 3.55782e-04 6.08447e-03 4.00671e-04 1.74890e-03 1.64106e-03 -5.27262e-03 3.58419e-04 1.00000e+00 3.55782e-04 7.61965e-04 1.07533e-04 3.55259e-04 9.52471e-04 3.55781e-04 3.43670e-04 3.55782e-04 1.43015e-03 3.55298e-04 3.41865e-04 3.55782e-04 3.55782e-04 3.55782e-04 3.55782e-04 3.55782e-04 2.26150e-03 1.64400e-03 3.55155e-04 1.98256e-03 3.55782e-04 3.55129e-04 3.55782e-04 1.90876e-03 3.55779e-04 3.40635e-04 3.55782e-04 3.55782e-04 3.55782e-04 3.55782e-04 3.55782e-04 2.58689e-03 3.55782e-04 3.55782e-04 3.55782e-04 3.55782e-04 3.55782e-04 3.55782e-04 3.55782e-04 3.55782e-04 3.55782e-04 3.55782e-04 3.55782e-04 3.55782e-04 3.55782e-04 3.55782e-04 3.55782e-04
-7.07262e-03 -3.17688e-03 -1.15443e-03 -5.68843e-04 -5.44206e-04 -2.49480e-05 -9.76788e-04 -1.19022e-04 -6.82705e-04 1.06264e-05 -1.58116e-05 -2.49685e-05 -1.67515e-04 1.23926e-05 -7.54635e-04 1.09265e-07 -2.55766e-05 2.49520e-05 -6.05419e-04 6.68379e-10 2.49793e-05 -2.49682e-05 -2.49692e-05 -2.49678e-05 2.49521e-05 2.49405e-05 -6.26872e-04 2.77481e-05 -4.32267e-04 1.86927e-03 4.80447e-04 4.01194e-08 3.55782e-04 1.00000e+00 1.00120e-03 1.08048e-03 -2.52807e-05 9.52542e-04 2.48818e-05 2.49952e-05 2.49520e-05 1.53535e-03 2.49634e-05 -1.58076e-05 -2.49676e-05 -2.49682e-05 2.49075e-05 -2.49745e-05 -2.49733e-05 2.19081e-03 1.84805e-03 -2.49788e-05 1.83025e-03 -2.49689e-05 -2.49676e-05 2.49520e-05 1.89656e-03 2.49521e-05 2.49136e-05 -2.49679e-05 -2.49487e-05 -2.49578e-05 -2.49678e-05 2.49520e-05 2.26869e-03 -2.49672e-05 -2.49676e-05 -2.49671e-05 2.48909e-05 2.49520e-05 -2.49679e-05 -2.49677e-05 -2.49694e-05 -2.49680e-05 2.49529e-05 2.49415e-05 2.49534e-05 2.49526e-05 2.50816e-05 -2.49612e-05
5.49492e-03 3.94010e-03 1.07521e-03 7.48614e-04 3.08138e-04 1.00089e-03 9.92452e-05 7.92200e-04 -8.53826e-03 8.95348e-04 9.01408e-04 9.78582e-04 -5.94541e-04 7.89236e-04 7.49830e-04 8.98802e-04 9.67135e-04 9.87356e-04 5.90844e-04 9.49398e-04 9.89097e-04 9.88940e-04 9.98681e-04 9.82291e-04 1.00289e-03 1.00044e-03 6.69103e-04 8.39056e-04 1.47296e-03 -6.43000e-04 -5.67311e-04 7.95557e-04 7.61965e-04 1.00120e-03 1.00000e+00 -4.41589e-03 7.56953e-04 -2.85331e-03 9.49569e-04 9.97343e-04 1.00350e-03 -3.59250e-03 9.42248e-04 9.48511e-04 9.92639e-04 9.99549e-04 1.00190e-03 9.99754e-04 9.90892e-04 1.27988e-03 1.72358e-03 9.90001e-04 3.04796e-03 9.85965e-04 1.02544e-03 1.00619e-03 1.32704e-03 9.99599e-04 9.88669e-04 1.00106e-03 1.00052e-03 9.76225e-04 1.00085e-03 9.87617e-04 2.43379e-03 1.00118e-03 1.00031e-03 1.02296e-03 1.01582e-03 9.98379e-04 1.00143e-03 9.96708e-04 1.00077e-03 9.83065e-04 9.99481e-04 1.00305e-03 9.92026e-04 1.00000e-03 9.79360e-04 1.00184e-03
3.44550e-03 3.10496e-03 1.55295e-03 3.15328e-04 1.19311e-03 1.07871e-03 1.52010e-04 9.01596e-04 -7.36413e-03 1.00446e-03 1.05797e-03 1.07866e-03 3.99109e-03 9.48364e-04 1.24941e-03 1.06894e-03 1.08272e-03 1.07819e-03 2.63452e-04 1.06257e-03 1.06917e-03 1.07877e-03 1.07799e-03 1.07868e-03 1.07970e-03 1.07858e-03 4.16758e-03 1.02264e-03 4.27861e-03 -8.33883e-04 -5.26857e-03 9.74579e-04 1.07533e-04 1.08048e-03 -4.41589e-03 1.00000e+00 1.04350e-03 -1.46954e-03 1.06939e-03 1.05037e-03 1.07858e-03 -3.07961e-03 1.06408e-03 8.15623e-04 1.07864e-03 1.07836e-03 1.07868e-03 1.07865e-03 1.07877e-03 1.57552e-03 1.09580e-04 1.06499e-03 2.67230e-03 1.07812e-03 1.07528e-03 1.07864e-03 8.81028e-04 1.07806e-03 1.05987e-03 1.07865e-03 1.08166e-03 1.07631e-03 1.07863e-03 1.07860e-03 2.90377e-03 1.07967e-03 1.07854e-03 1.07864e-03 1.07867e-03 1.07865e-03 1.07866e-03 1.07862e-03 1.07865e-03 1.07864e-03 1.07867e-03 1.08038e-03 1.07879e-03 1.07910e-03 1.07899e-03 1.07864e-03
-5.02952e-03 -1.61649e-03 -9.31770e-04 -7.38584e-04 -6.12076e-04 -2.47542e-05 -1.10545e-03 -6.79875e-05 -1.34536e-03 1.05685e-05 -1.61520e-05 -2.47965e-05 -9.97038e-04 1.15229e-05 -1.04119e-03 6.48021e-08 -2.39771e-05 -2.47801e-05 -7.63619e-04 9.36548e-10 -2.48285e-05 -2.48038e-05 -2.47998e-05 -2.47865e-05 -2.48032e-05 -2.48030e-05 -1.39649e-03 2.29033e-05 -7.18205e-04 1.84229e-03 3.97152e-04 3.99556e-08 3.55259e-04 -2.52807e-05 7.56953e-04 1.04350e-03 1.00000e+00 9.47467e-04 -2.56135e-05 -2.47771e-05 -2.48034e-05 1.52589e-03 -2.48820e-05 2.49717e-05 -2.47186e-05 -2.48406e-05 -2.48033e-05 -2.48008e-05 -2.47729e-05 2.18947e-03 1.84123e-03 -2.49115e-05 1.82847e-03 -2.49201e-05 -2.48026e-05 -2.47960e-05 1.88482e-03 -2.48034e-05 -2.48025e-05 -2.47956e-05 -2.47500e-05 -2.47925e-05 -2.45514e-05 -2.47963e-05 2.26815e-03 -2.47951e-05 -2.48030e-05 -2.48028e-05 -2.48006e-05 -2.47914e-05 -2.48077e-05 -2.47925e-05 -2.48037e-05 -2.48036e-05 -2.47679e-05 -2.48030e-05 -2.50525e-05 -2.47986e-05 -2.53845e-05 -2.47829e-05
-1.91035e-04 1.90860e-03 -5.01076e-04 9.62956e-04 8.40391e-04 9.52554e-04 1.14842e-04 8.33588e-04 -2.56013e-03 9.27481e-04 9.46836e-04 9.52550e-04 -3.94034e-04 9.54187e-04 3.28667e-03 9.35555e-04 9.42275e-04 9.52547e-04 -2.42055e-04 9.51051e-04 9.50607e-04 9.52549e-04 9.50908e-04 9.52491e-04 9.52441e-04 9.52548e-04 -4.69123e-05 9.23861e-04 -1.21862e-03 2.18734e-03 2.82391e-03 9.43878e-04 9.52471e-04 9.52542e-04 -2.85331e-03 -1.46954e-03 9.47467e-04 1.00000e+00 9.49197e-04 9.43387e-04 9.52551e-04 -7.68610e-04 9.51928e-04 9.43460e-04 9.52536e-04 9.41827e-04 9.52561e-04 9.52557e-04 9.52538e-04 1.99495e-03 1.69564e-03 9.50587e-04 1.43893e-03 9.51036e-04 9.50974e-04 9.52548e-04 2.00802e-03 9.52542e-04 9.50983e-04 9.52549e-04 9.52345e-04 9.52429e-04 9.52547e-04 9.52547e-04 1.96657e-03 9.52562e-04 9.52647e-04 9.52548e-04 9.52520e-04 9.52548e-04 9.52547e-04 9.52574e-04 9.52547e-04 9.52546e-04 9.52547e-04 9.52548e-04 9.52552e-04 9.52515e-04 9.52549e-04 9.52548e-04
-6.64626e-03 -2.56797e-03 -1.25127e-03 -4.75140e-04 -5.59297e-04 2.48850e-05 -1.00700e-03 -1.35221e-04 -1.08644e-03 1.06162e-05 -1.58226e-05 -2.50351e-05 -4.69053e-04 1.23254e-05 -8.50464e-04 9.00288e-08 -2.56335e-05 -2.50345e-05 -6.30886e-04 7.75422e-10 -2.50070e-05 -2.50350e-05 2.48847e-05 2.48846e-05 2.48876e-05 -2.50353e-05 -5.92625e-04 2.70696e-05 -5.15907e-04 1.86754e-03 4.81184e-04 3.83031e-08 3.55781e-04 2.48818e-05 9.49569e-04 1.06939e-03 -2.56135e-05 9.49197e-04 1.00000e+00 -2.50369e-05 2.48845e-05 1.53455e-03 2.48962e-05 -1.41647e-05 -2.50362e-05 -2.50341e-05 2.48847e-05 2.48246e-05 2.48847e-05 2.18857e-03 1.84738e-03 -2.50521e-05 1.82794e-03 -2.50395e-05 -2.50345e-05 2.48846e-05 1.89648e-03 2.48847e-05 -2.50342e-05 -2.49937e-05 -2.50339e-05 2.48846e-05 2.48847e-05 -2.50355e-05 2.26826e-03 -2.50351e-05 2.48737e-05 2.48847e-05 -2.50218e-05 2.48848e-05 -2.50350e-05 -2.50350e-05 2.48311e-05 -2.50358e-05 2.48851e-05 -2.50349e-05 2.48857e-05 2.48849e-05 -2.50284e-05 -2.50347e-05
